0.39979,0.44382,0.48014,0.3981,0.43603
0.38973,0.4335,0.47177,0.38778,0.42532
0.38189,0.42354,0.46002,0.37956,0.41535
0.37518,0.41917,0.45053,0.37051,0.40562
0.37131,0.41221,0.44078,0.3639,0.39786
0.36661,0.4065,0.43341,0.36493,0.39145
0.35908,0.3983,0.42834,0.37388,0.38611
0.35535,0.39219,0.42275,0.35407,0.37953
0.34936,0.38588,0.41815,0.34462,0.37523
0.34295,0.37829,0.41315,0.3408,0.37077
0.33478,0.3698,0.40892,0.33238,0.36531
0.33296,0.36565,0.40137,0.3261,0.35806
0.33524,0.36273,0.3989,0.31797,0.35685
0.33494,0.36706,0.39534,0.32862,0.35136
0.33435,0.36429,0.38742,0.31588,0.34524
0.33103,0.36151,0.38183,0.30236,0.34172
0.3266,0.35602,0.37181,0.29761,0.33399
0.32018,0.34561,0.36559,0.2894,0.32799
0.31583,0.32924,0.35892,0.28601,0.32282
0.3157,0.33394,0.36148,0.28546,0.32176
0.31793,0.33575,0.36237,0.287,0.31734
0.312,0.33384,0.35898,0.285,0.31222
0.30151,0.32655,0.35438,0.28279,0.30706
0.29386,0.31684,0.35083,0.28009,0.30465
0.2865,0.31238,0.3447,0.27661,0.29883
0.28249,0.30748,0.3368,0.27369,0.29338
0.27994,0.2984,0.32991,0.26683,0.28948
0.28371,0.29606,0.32474,0.26221,0.28346
0.28123,0.2942,0.32044,0.2555,0.27734
0.26777,0.28057,0.31001,0.24908,0.27052
0.25256,0.26915,0.28809,0.23579,0.259
0.24562,0.26873,0.27389,0.22305,0.24962
0.23739,0.25499,0.26025,0.20662,0.23931
0.22799,0.24931,0.25094,0.19469,0.23125
0.22103,0.2433,0.24284,0.18769,0.22415
0.21749,0.23538,0.23736,0.18394,0.21607
0.21329,0.23509,0.23148,0.18039,0.21052
0.20845,0.22745,0.22631,0.17598,0.20485
0.19704,0.21683,0.21406,0.16441,0.20132
0.19336,0.21639,0.20558,0.16607,0.19566
0.19308,0.21482,0.20292,0.16158,0.18883
0.19015,0.21125,0.19397,0.15437,0.17956
0.19214,0.19195,0.18793,0.14689,0.16459
0.19027,0.18657,0.1808,0.13699,0.15321
0.18344,0.184,0.17627,0.13143,0.14712
0.17866,0.17913,0.16689,0.12624,0.14011
0.1756,0.17322,0.16163,0.12122,0.13175
0.16935,0.16776,0.15506,0.11579,0.12563
0.16446,0.16112,0.15061,0.10923,0.11984
0.15961,0.15475,0.13964,0.10237,0.11199
0.15429,0.15227,0.13229,0.097174,0.10514
0.14851,0.14494,0.12469,0.092124,0.095954
0.14248,0.13628,0.11602,0.086473,0.090248
0.1371,0.12688,0.10908,0.080559,0.08195
0.13032,0.12445,0.1017,0.075567,0.07764
0.12567,0.12305,0.09763,0.071274,0.072059
0.12089,0.12407,0.092636,0.065914,0.070968
0.11767,0.11883,0.09057,0.063412,0.068712
0.1151,0.11249,0.086199,0.061962,0.063991
0.11048,0.10884,0.0811,0.057156,0.058943
0.10676,0.10528,0.075934,0.05293,0.055081
0.10252,0.099617,0.071342,0.048663,0.052147
0.098955,0.096763,0.067012,0.0457,0.0492
0.097386,0.090701,0.063343,0.041597,0.044471
0.093925,0.088272,0.059194,0.038494,0.040164
0.089194,0.085061,0.054411,0.033563,0.037255
0.085607,0.083317,0.050721,0.031664,0.031736
0.083749,0.078983,0.047031,0.027945,0.027676
0.080035,0.074332,0.04329,0.025606,0.024489
0.077326,0.06689,0.039099,0.020002,0.021369
0.073655,0.065082,0.035729,0.015084,0.018697
0.071097,0.06096,0.031941,0.013457,0.013727
0.068272,0.059493,0.027722,0.0071149,0.0081422
0.063262,0.053666,0.023887,0.0014942,0.0038479
0.057264,0.046372,0.015597,4.8918e-05,0.0056786
0.05682,0.050812,0.014464,0.014186,0.022711
0.058212,0.050812,0.013243,0.033754,0.029181
0.060457,0.06727,0.01433,0.0072562,0.0092858
0.062133,0.072598,0.013321,4.8918e-05,0.0075302
0.060199,0.064606,0.010676,4.8918e-05,0
0.060224,0.066826,0.0098772,4.8918e-05,0.0034496
0.062723,0.064606,0.010172,0.00073785,0.002883
0.061195,0.068066,0.011436,0.0055278,0.0059934
0.063105,0.07079,0.018897,0.024805,0.016129
0.064906,0.071477,0.026939,0.043412,0.035739
0.072064,0.076862,0.048767,0.13236,0.11363
0.087541,0.075479,0.094702,0.20558,0.21184
0.11978,0.090293,0.15635,0.26566,0.27257
0.13694,0.11249,0.2012,0.31558,0.34837
0.16086,0.14132,0.23944,0.36392,0.39499
0.17726,0.16244,0.27007,0.37882,0.41712
0.18768,0.18028,0.28848,0.37098,0.41685
0.20014,0.2016,0.3128,0.37734,0.41271
0.21776,0.21611,0.31301,0.3809,0.41171
0.22799,0.2256,0.30972,0.3893,0.40075
0.2293,0.22463,0.30242,0.36876,0.38094
0.2341,0.22434,0.29683,0.34038,0.36405
0.2427,0.22955,0.30114,0.34496,0.37101
0.25102,0.23386,0.30728,0.35756,0.37871
0.26301,0.24822,0.31972,0.37271,0.38905
0.27442,0.25523,0.32401,0.36866,0.39539
0.28255,0.26205,0.3345,0.38651,0.39743
0.29029,0.26854,0.34282,0.38569,0.40264
0.29132,0.2663,0.34696,0.38175,0.40071
0.29261,0.27084,0.35574,0.38364,0.39887
0.29596,0.2773,0.35417,0.37921,0.39876
0.30951,0.29029,0.36591,0.38185,0.39589
0.3149,0.29077,0.36238,0.38263,0.39449
0.32163,0.29777,0.37188,0.38961,0.39801
0.32885,0.30625,0.36753,0.38139,0.3922
0.33524,0.3181,0.37794,0.37891,0.3926
0.3409,0.32005,0.38702,0.37703,0.39623
0.34562,0.32687,0.38352,0.37406,0.39956
0.34739,0.33531,0.38408,0.37055,0.39386
0.35207,0.3327,0.39089,0.37467,0.39675
0.35576,0.34854,0.39448,0.37511,0.40668
0.35645,0.35586,0.39878,0.37072,0.42085
0.35924,0.35715,0.40327,0.38407,0.42681
0.36419,0.36159,0.4092,0.38216,0.41413
0.38276,0.39057,0.45474,0.38294,0.40013
0.38882,0.41335,0.48308,0.38225,0.40574
0.38663,0.42184,0.49186,0.37858,0.41376
0.38599,0.43336,0.49923,0.37484,0.42458
0.39424,0.43849,0.50956,0.38298,0.42134
0.40417,0.44753,0.52052,0.39414,0.40951
0.4003,0.44682,0.52609,0.38294,0.40707
0.39295,0.44753,0.53119,0.37843,0.40154
0.39256,0.45018,0.53126,0.36985,0.3953
0.3886,0.4442,0.5454,0.36409,0.38885
0.38756,0.44373,0.54569,0.35236,0.38422
0.38289,0.43481,0.53366,0.32422,0.36199
0.37564,0.42283,0.5196,0.30756,0.3437
0.366,0.4159,0.50011,0.29585,0.32656
0.35452,0.39933,0.49152,0.29871,0.32135
0.34291,0.39307,0.47971,0.27455,0.31941
0.33865,0.39049,0.47573,0.27109,0.3184
0.33865,0.387,0.4767,0.26656,0.31288
0.33254,0.38014,0.47003,0.25951,0.30857
0.32813,0.37737,0.46817,0.26298,0.30212
0.32472,0.37443,0.46382,0.26196,0.29708
0.32052,0.36663,0.45753,0.25914,0.2952
0.31873,0.36254,0.45733,0.2596,0.29113
0.31183,0.35985,0.44786,0.25562,0.2838
0.30759,0.35435,0.44269,0.24657,0.27642
0.3032,0.34907,0.43642,0.23777,0.27162
0.29725,0.34272,0.42953,0.2328,0.26014
0.28977,0.33075,0.41594,0.22552,0.25297
0.28205,0.31957,0.40919,0.22257,0.2432
0.27945,0.31418,0.40352,0.22136,0.23923
0.27721,0.30829,0.39977,0.22302,0.23725
0.27559,0.30837,0.39913,0.22249,0.2363
0.27433,0.30364,0.39439,0.22141,0.24345
0.26823,0.2994,0.39222,0.21902,0.23588
0.26746,0.30055,0.39037,0.21829,0.24939
0.27081,0.3053,0.39405,0.21716,0.23016
0.26963,0.30014,0.39069,0.21606,0.22726
0.26724,0.29991,0.38862,0.2146,0.22593
0.26449,0.29511,0.39153,0.2119,0.2216
0.26359,0.29432,0.38852,0.20942,0.21977
0.26204,0.29056,0.38558,0.20647,0.21853
0.25884,0.29071,0.38148,0.20432,0.23581
0.25482,0.28479,0.38429,0.20284,0.21409
0.251,0.27595,0.38027,0.19948,0.2232
0.25143,0.27638,0.37281,0.19898,0.24321
0.25314,0.28199,0.37106,0.19707,0.23031
0.25187,0.27977,0.37202,0.19629,0.21118
0.25176,0.28057,0.37425,0.19318,0.20781
0.25001,0.28009,0.36951,0.19337,0.20873
0.24915,0.27866,0.36808,0.20228,0.20798
0.24599,0.26915,0.36547,0.21221,0.20132
0.24682,0.26804,0.36392,0.19041,0.19775
0.24676,0.27414,0.36018,0.18871,0.19809
0.24863,0.27549,0.35975,0.18725,0.19807
0.24579,0.2701,0.35796,0.18688,0.19534
0.2445,0.2682,0.3594,0.18598,0.19446
0.24321,0.26582,0.35617,0.18476,0.19241
0.24081,0.26376,0.35347,0.18256,0.19162
0.23834,0.25983,0.35567,0.18108,0.18947
0.23527,0.25652,0.35248,0.17951,0.18773
0.23401,0.25393,0.34842,0.17837,0.18568
0.23319,0.24755,0.35126,0.1769,0.19187
0.2298,0.24513,0.34828,0.17404,0.1836
0.22545,0.22634,0.30565,0.17101,0.17573
0.21107,0.20763,0.25013,0.16108,0.16614
0.20336,0.19889,0.22958,0.154,0.1651
0.19717,0.1886,0.21648,0.14866,0.16283
0.1917,0.18388,0.20089,0.14292,0.14323
0.18737,0.17718,0.19328,0.13927,0.13484
0.18495,0.1698,0.18344,0.13458,0.13159
0.18488,0.16466,0.17709,0.13241,0.13146
0.18234,0.16054,0.1725,0.13256,0.12932
0.17847,0.15482,0.16702,0.12903,0.12903
0.1767,0.15129,0.16272,0.15158,0.12661
0.17294,0.14642,0.15815,0.15267,0.12456
0.17021,0.14319,0.15299,0.1292,0.12554
0.16802,0.139,0.14973,0.1176,0.11903
0.16516,0.13615,0.14579,0.11544,0.11438
0.16256,0.13184,0.14309,0.11261,0.11212
0.15861,0.12784,0.13718,0.11011,0.10908
0.15618,0.12877,0.13442,0.10789,0.1053
0.15518,0.15451,0.13157,0.10565,0.10206
0.1528,0.14479,0.12745,0.10249,0.098065
0.14848,0.13322,0.12314,0.10035,0.091646
0.14558,0.12819,0.11947,0.095739,0.089742
0.14184,0.12186,0.11504,0.09349,0.085271
0.13836,0.12026,0.11102,0.091335,0.081633
0.13343,0.11531,0.10717,0.087218,0.078874
0.12991,0.11241,0.10442,0.084205,0.076331
0.12868,0.11484,0.10004,0.084493,0.071975
0.1277,0.1163,0.094946,0.078517,0.069476
0.12153,0.10742,0.091144,0.074155,0.065981
0.1183,0.10304,0.0855,0.069866,0.063182
0.11346,0.095906,0.080884,0.065795,0.061075
0.10805,0.090837,0.074827,0.061062,0.055862
0.10784,0.086488,0.074808,0.058601,0.050466
0.10702,0.089596,0.073285,0.053014,0.047514
0.10444,0.087598,0.068951,0.049062,0.043503
0.10633,0.10117,0.06425,0.04411,0.036286
0.099536,0.089437,0.060437,0.03904,0.02828
0.095888,0.079353,0.056898,0.0362,0.029051
0.092378,0.075515,0.053119,0.033572,0.028736
0.088702,0.079136,0.045888,0.03028,0.025347
0.10208,0.11741,0.049737,0.058283,0.052728
0.34562,0.39211,0.32044,0.45506,0.28304
0.44854,0.39973,0.50499,0.56596,0.4144
0.45439,0.40881,0.53679,0.60108,0.45098
0.46634,0.41702,0.55633,0.59701,0.46623
0.48422,0.40789,0.5646,0.60356,0.4697
0.47846,0.41138,0.56733,0.60088,0.47647
0.48465,0.42319,0.56925,0.60766,0.48552
0.5007,0.43806,0.58251,0.61841,0.49641
0.51776,0.46228,0.60504,0.63521,0.51245
0.53088,0.45619,0.61823,0.63593,0.52321
0.52935,0.46285,0.62287,0.63735,0.52611
0.53177,0.47663,0.62489,0.64403,0.52364
0.54585,0.47465,0.62973,0.64262,0.52771
0.564,0.48939,0.63912,0.65888,0.54056
0.57003,0.49411,0.65374,0.66572,0.55321
0.58503,0.49791,0.66641,0.66347,0.56589
0.58925,0.52464,0.67794,0.67546,0.57726
0.60263,0.53601,0.68834,0.69477,0.58924
0.62523,0.55719,0.69549,0.68833,0.60869
0.63774,0.56714,0.71233,0.69366,0.62056
0.64107,0.57046,0.72565,0.70951,0.62993
0.64529,0.61925,0.72609,0.71681,0.63483
0.65361,0.6294,0.74047,0.73525,0.64748
0.65206,0.63828,0.74746,0.73778,0.65447
0.65964,0.64088,0.76145,0.75777,0.67125
0.68181,0.65405,0.77736,0.78834,0.68567
0.70004,0.69845,0.8017,0.81395,0.70567
0.72511,0.79086,0.83021,0.8194,0.72857
0.74585,0.81022,0.84461,0.83931,0.75033
0.79135,0.90638,0.86679,0.86469,0.77048
0.82734,0.94081,0.88125,0.86514,0.77779
0.83314,0.93201,0.84972,0.74914,0.71098
0.80644,0.88875,0.76259,0.55064,0.56989
0.79899,0.9134,0.67361,0.44423,0.47014
0.80967,0.90569,0.67201,0.46524,0.49183
0.80872,0.86617,0.74207,0.53297,0.54466
0.8254,0.86242,0.73239,0.50104,0.51685
0.85339,0.92347,0.74057,0.48345,0.50891
0.86727,0.94815,0.7562,0.49022,0.512
0.85434,0.93475,0.7534,0.48435,0.50841
0.85893,0.96593,0.74757,0.48548,0.51051
0.84386,0.95604,0.73369,0.4819,0.5042
0.84415,0.9593,0.73549,0.47614,0.4987
0.8374,0.93872,0.74096,0.46893,0.50103
0.84408,0.93503,0.75073,0.47785,0.50071
0.84523,0.96819,0.72775,0.46542,0.49329
0.83038,0.98729,0.73086,0.48254,0.50006
0.83357,0.99426,0.74411,0.50415,0.52318
0.82175,0.9646,0.71752,0.48256,0.49457
0.82772,0.97538,0.73702,0.5081,0.5138
0.82463,0.98077,0.74197,0.48835,0.52004
0.81844,0.97284,0.72378,0.47039,0.49618
0.83345,0.98582,0.74608,0.48583,0.5101
0.82489,0.99037,0.74798,0.51047,0.52533
0.81866,0.99272,0.72382,0.48209,0.49643
0.82033,1,0.72921,0.4814,0.49972
0.81004,0.96861,0.75125,0.51568,0.52664
0.8086,0.98194,0.72814,0.47865,0.50049
0.80674,0.97459,0.74124,0.49601,0.50662
0.80477,0.96507,0.74832,0.50491,0.52106
0.81225,0.97768,0.73221,0.47096,0.49136
0.82509,0.98183,0.76967,0.51007,0.52484
0.82424,0.96757,0.74411,0.49386,0.52059
0.84994,0.98458,0.72814,0.46729,0.4938
0.84895,0.98141,0.75282,0.50932,0.52013
0.81506,0.94862,0.72687,0.47946,0.50205
0.64088,0.72406,0.64788,0.45588,0.51722
0.54434,0.58714,0.59643,0.43694,0.5017
0.51702,0.56847,0.58302,0.42825,0.49386
0.50561,0.56395,0.57158,0.42714,0.4855
0.49663,0.54237,0.56012,0.42192,0.47916
0.4846,0.53509,0.54579,0.4094,0.46765
0.46914,0.51687,0.53234,0.39462,0.45843
0.44691,0.48919,0.51733,0.37629,0.44666
0.4359,0.47639,0.502,0.36907,0.4389
0.41939,0.45527,0.48884,0.362,0.43092
0.40598,0.44121,0.47515,0.35626,0.42308
0.40615,0.44367,0.47487,0.35004,0.41541
0.39689,0.43265,0.46576,0.33886,0.40742
0.38305,0.41455,0.45227,0.32939,0.39837
0.3653,0.39854,0.43391,0.32961,0.39012
0.33607,0.37868,0.42437,0.31831,0.38276
0.32175,0.36429,0.41342,0.31117,0.37555
0.30867,0.35719,0.40701,0.30789,0.36968
0.30726,0.35426,0.40998,0.30639,0.3659
0.31805,0.35581,0.40346,0.30896,0.36352
0.32592,0.35309,0.39521,0.30212,0.36036
0.32627,0.34605,0.39025,0.29842,0.35481
0.31279,0.32806,0.37663,0.29026,0.34561
0.29411,0.30388,0.36219,0.27696,0.33339
0.27191,0.28125,0.34147,0.25723,0.32283
0.25245,0.26292,0.32545,0.24803,0.30599
0.24982,0.25824,0.31676,0.24053,0.29426
0.24927,0.2531,0.30968,0.23246,0.28858
0.25044,0.25338,0.31037,0.23458,0.28429
0.25469,0.25298,0.30752,0.22967,0.27962
0.25639,0.25272,0.30356,0.22933,0.27511
0.25547,0.27224,0.36755,0.22495,0.2741
0.24141,0.27831,0.38575,0.2221,0.27143
0.23219,0.27359,0.39103,0.21694,0.26667
0.21819,0.26059,0.3873,0.21313,0.26246
0.20356,0.23022,0.35203,0.20164,0.25497
0.16934,0.1844,0.2676,0.18992,0.24352
0.15652,0.16973,0.24862,0.1797,0.23272
0.13358,0.15628,0.23581,0.16777,0.22354
0.093964,0.1251,0.20929,0.15409,0.20667
0.074966,0.10976,0.19474,0.14411,0.19555
0.065293,0.10249,0.18536,0.13264,0.18756
0.068775,0.097048,0.16031,0.093301,0.17411
0.073999,0.095645,0.14813,0.090352,0.16415
0.080654,0.095684,0.14324,0.085943,0.16074
0.076234,0.085536,0.1337,0.080409,0.15367
0.075547,0.084177,0.12888,0.076786,0.14847
0.077249,0.082769,0.12436,0.072249,0.14448
0.071247,0.078401,0.11571,0.067458,0.13987
0.062133,0.067189,0.1076,0.065844,0.13273
0.059296,0.060484,0.10195,0.063241,0.12837
0.050784,0.053785,0.090636,0.051515,0.12207
0.048204,0.04422,0.086179,0.056514,0.11644
0.046527,0.043042,0.084856,0.052832,0.11316
0.044399,0.042871,0.07866,0.046619,0.10996
0.034726,0.029723,0.069662,0.04114,0.10386
0.0355,0.035114,0.066177,0.040028,0.099981
0.040143,0.057811,0.066751,0.039286,0.099804
0.045676,0.068222,0.062848,0.036821,0.09684
0.043045,0.050064,0.054793,0.031925,0.090295
0.026698,0.03004,0.045586,0.022625,0.083195
0.025247,0.018502,0.035549,0.01404,0.074772
0.022372,0.011403,0.026517,0.016265,0.068569
0.022581,0.032767,0.024344,0.007553,0.065821
0.025176,0.034367,0.019208,4.8918e-05,0.063522
0.018196,0.015452,0.0098146,4.8918e-05,0.056086
0.0076693,0.0003892,0.0041899,0,0.049466
0.0017218,0,0.0031854,4.8918e-05,0.046864
0.018282,0.029752,0.010134,0.010775,0.047781
0.023488,0.024438,0.017145,0.014,0.048946
0.016403,0.019321,0.015792,0.015402,0.047722
0.012724,0.018862,0.017649,0.015788,0.047523
0.0050407,0.012022,0.0075762,0.0069988,0.04463
0.00035468,0.0055028,0.003042,0.0030299,0.040556
0,0.0077623,0,0.0029106,0.038157
0.0067711,0.030199,0.0038311,0.0070443,0.038181
0.01222,0.025125,0.0070596,0.010741,0.040007
0.029116,0.018108,0.026548,0.035466,0.049496
0.19569,0.28945,0.36808,0.40118,0.32045
0.40271,0.44147,0.48237,0.52551,0.45781
0.46468,0.51999,0.55878,0.60384,0.5509
0.50988,0.57817,0.61641,0.65468,0.60395
0.54617,0.62422,0.658,0.70133,0.66921
0.5852,0.65969,0.69785,0.72519,0.7209
0.6119,0.69519,0.7407,0.76848,0.76463
0.633,0.73104,0.78474,0.79951,0.81358
0.67148,0.7738,0.82634,0.83665,0.85598
0.7159,0.81072,0.86854,0.86924,0.90346
0.73873,0.84936,0.89941,0.91015,0.93306
0.74846,0.85466,0.85996,0.79023,0.87432
0.71958,0.80239,0.67179,0.45943,0.58379
0.69712,0.80572,0.58714,0.37832,0.48089
0.70176,0.80246,0.57496,0.36219,0.46178
0.71892,0.81567,0.58836,0.37374,0.46423
0.73718,0.84621,0.60024,0.38854,0.46529
0.74879,0.86264,0.61894,0.39815,0.45564
0.7297,0.82075,0.60914,0.39008,0.45159
0.68314,0.77188,0.59112,0.38302,0.45613
0.65505,0.73231,0.57909,0.3805,0.45302
0.62149,0.66349,0.569,0.38325,0.44946
0.58207,0.62349,0.5511,0.39424,0.44213
0.5621,0.59846,0.5483,0.41102,0.44929
0.55327,0.58065,0.54807,0.41185,0.4602
0.55279,0.58025,0.54874,0.41889,0.45675
0.55391,0.58623,0.55834,0.4339,0.47047
0.58345,0.62667,0.58733,0.46278,0.50792
0.60357,0.64102,0.59651,0.46614,0.51151
0.59028,0.62985,0.58604,0.44796,0.49814
0.59867,0.63638,0.60386,0.47454,0.51203
0.60989,0.65139,0.62044,0.49303,0.53615
0.60514,0.64378,0.61712,0.48635,0.53446
0.61472,0.64811,0.62282,0.49163,0.53462
0.63179,0.67036,0.63855,0.5026,0.53957
0.62846,0.66245,0.62968,0.49753,0.54149
0.61752,0.64793,0.62243,0.49342,0.53464
0.62913,0.66035,0.63013,0.49112,0.53745
0.64161,0.67348,0.63726,0.49638,0.54548
0.631,0.63638,0.62168,0.47838,0.53278
0.62575,0.57397,0.61566,0.4695,0.52284
0.64219,0.5768,0.62585,0.48077,0.52924
0.64007,0.5793,0.62779,0.47753,0.53347
0.63097,0.58025,0.63016,0.48029,0.53067
0.64045,0.58278,0.63575,0.47401,0.53287
0.65425,0.57984,0.64092,0.47758,0.53767
0.64217,0.56954,0.63238,0.47446,0.53272
0.62893,0.57535,0.63037,0.46669,0.52825
0.64368,0.60403,0.64472,0.48718,0.53622
0.6656,0.59946,0.65061,0.48432,0.54413
0.6567,0.59938,0.64687,0.47642,0.54636
0.64935,0.58469,0.62538,0.45099,0.51575
0.65438,0.57704,0.62004,0.44075,0.5055
0.66705,0.56608,0.63059,0.44017,0.50612
0.66231,0.58025,0.63175,0.44823,0.50916
0.64071,0.58818,0.6293,0.46083,0.51643
0.63868,0.58799,0.62941,0.45959,0.51672
0.65073,0.58253,0.62544,0.45068,0.50879
0.62334,0.55987,0.61789,0.44839,0.51743
0.55212,0.5373,0.58285,0.4473,0.50677
0.53392,0.52549,0.56236,0.42086,0.49266
0.50828,0.51429,0.56162,0.41901,0.47686
0.48599,0.50438,0.55935,0.42175,0.46938
0.48781,0.5058,0.551,0.42755,0.46773
0.47926,0.49324,0.54428,0.42657,0.46791
0.468,0.48535,0.5432,0.42207,0.4646
0.4506,0.48527,0.53836,0.41986,0.46361
0.46073,0.47541,0.53237,0.42335,0.46384
0.44054,0.46978,0.52813,0.42419,0.46936
0.41289,0.46127,0.55512,0.44899,0.50756
0.40455,0.44744,0.5482,0.44385,0.50329
0.41495,0.44388,0.53969,0.43662,0.49684
0.4165,0.44896,0.53379,0.43259,0.48979
0.41692,0.44515,0.52743,0.42758,0.48629
0.41217,0.43716,0.52171,0.42029,0.47796
0.40885,0.43238,0.51436,0.41617,0.47348
0.39463,0.42803,0.50783,0.4125,0.46759
0.38973,0.42295,0.50133,0.40837,0.46248
0.38995,0.41743,0.49679,0.40489,0.4599
0.38212,0.40112,0.48294,0.39504,0.45166
0.36593,0.39188,0.4725,0.38507,0.44349
0.34661,0.37646,0.46048,0.37572,0.43358
0.34237,0.37237,0.45484,0.37017,0.42537
0.33362,0.35896,0.44792,0.36578,0.41844
0.32614,0.3504,0.44293,0.36132,0.41111
0.32194,0.34336,0.43322,0.35522,0.40568
0.31033,0.33432,0.42662,0.34924,0.39902
0.30473,0.32687,0.41811,0.34077,0.39061
0.30162,0.32156,0.41094,0.33614,0.38467
0.29325,0.30987,0.40419,0.33187,0.37874
0.2899,0.30663,0.39577,0.32461,0.37281
0.28844,0.30568,0.3908,0.31998,0.36647
0.28371,0.29959,0.38575,0.31547,0.36192
0.28178,0.29975,0.37994,0.31218,0.35631
0.2731,0.28754,0.37209,0.30912,0.35011
0.26414,0.28152,0.36653,0.30197,0.34452
0.25933,0.27021,0.3609,0.29795,0.33998
0.26746,0.27169,0.35452,0.29395,0.33524
0.27442,0.27367,0.34922,0.28974,0.331
0.27321,0.27129,0.34469,0.28495,0.32622
0.27686,0.27445,0.34167,0.28445,0.32457
0.27997,0.27486,0.33875,0.28206,0.32211
0.277,0.27224,0.33641,0.28102,0.31941
0.26576,0.26978,0.33357,0.27954,0.31733
0.25802,0.26281,0.33034,0.27682,0.31517
0.25052,0.25607,0.32586,0.27384,0.31136
0.25237,0.25282,0.32061,0.27151,0.30695
0.25714,0.25345,0.3212,0.26693,0.30423
0.2562,0.25143,0.31456,0.26117,0.29822
0.2554,0.25036,0.31322,0.25048,0.29586
0.24668,0.24727,0.30313,0.24124,0.29186
0.21972,0.22979,0.27287,0.20722,0.2776
0.20667,0.22039,0.25415,0.1834,0.26531
0.1973,0.20993,0.24217,0.17737,0.25597
0.18559,0.19943,0.23505,0.17211,0.24761
0.17666,0.19003,0.22268,0.16441,0.241
0.16797,0.18067,0.21239,0.15783,0.23156
0.16067,0.17544,0.20169,0.14943,0.22535
0.15231,0.16355,0.19412,0.14149,0.21636
0.14922,0.15553,0.18441,0.13096,0.20871
0.13955,0.14833,0.17193,0.12538,0.20007
0.13262,0.14017,0.16555,0.12107,0.19231
0.13745,0.14167,0.17094,0.12741,0.19117
0.13892,0.14017,0.16918,0.12513,0.18791
0.13178,0.1312,0.16195,0.1156,0.18168
0.12445,0.12699,0.15543,0.11524,0.17905
0.11346,0.11788,0.14687,0.11202,0.17401
0.11269,0.11425,0.14314,0.10644,0.16898
0.11214,0.1077,0.13878,0.10066,0.16511
0.10263,0.10195,0.13128,0.095369,0.15932
0.096182,0.092513,0.12397,0.089716,0.15425
0.099665,0.093623,0.12199,0.09007,0.14896
0.10592,0.10552,0.12749,0.089912,0.14572
0.10871,0.11158,0.12618,0.087915,0.14572
0.11046,0.11804,0.13056,0.10614,0.14194
0.11862,0.12276,0.13534,0.11059,0.14165
0.12784,0.13892,0.14136,0.11933,0.13986
0.13505,0.14674,0.14471,0.12528,0.14211
0.14248,0.15951,0.14739,0.13466,0.14279
0.14622,0.16339,0.1486,0.13185,0.14357
0.14829,0.16708,0.14864,0.12712,0.14478
0.14984,0.17164,0.1486,0.12342,0.14371
0.15087,0.17714,0.14958,0.12803,0.1435
0.19781,0.19946,0.17163,0.16526,0.15962
0.43667,0.46783,0.52138,0.57939,0.48238
0.5592,0.55741,0.66632,0.72277,0.61654
0.60099,0.64732,0.74126,0.79815,0.7162
0.63233,0.74483,0.80373,0.83558,0.78459
0.67914,0.81083,0.86218,0.89345,0.85286
0.72279,0.85339,0.91227,0.92989,0.91087
0.7583,0.91116,0.95516,0.96878,0.9654
0.78555,0.95021,1,1,1
0.81569,0.90075,0.92012,0.84874,0.85095
0.82529,0.62342,0.75975,0.48797,0.57539
0.84645,0.61735,0.72264,0.45658,0.53549
0.85507,0.63524,0.72729,0.43841,0.51254
0.84088,0.61883,0.71604,0.43573,0.48797
0.84274,0.61944,0.71141,0.43548,0.49021
0.84196,0.61735,0.7099,0.43826,0.50934
0.84691,0.62863,0.7236,0.45679,0.52074
0.86664,0.65969,0.73541,0.47088,0.53996
0.88003,0.6628,0.75846,0.48053,0.55192
0.89534,0.67171,0.77377,0.49076,0.56432
0.90588,0.6908,0.78986,0.5087,0.56958
0.89947,0.71045,0.79739,0.5057,0.57484
0.91178,0.74448,0.80945,0.51562,0.57728
0.92471,0.77944,0.82746,0.52074,0.5988
0.92965,0.76836,0.82982,0.52258,0.60764
0.93732,0.78321,0.83391,0.51019,0.60754
0.93252,0.7983,0.83812,0.49043,0.60161
0.91646,0.81504,0.83278,0.47179,0.58158
0.90846,0.86791,0.81711,0.46574,0.56778
0.90526,0.82691,0.80409,0.46764,0.54941
0.89667,0.82694,0.77485,0.46344,0.52665
0.88963,0.818,0.77132,0.45818,0.51952
0.88499,0.79002,0.75245,0.45106,0.50911
0.89449,0.78914,0.77341,0.46313,0.51487
0.89066,0.82869,0.77767,0.47833,0.52214
0.90366,0.7526,0.77616,0.47504,0.52159
0.91919,0.72147,0.78312,0.47828,0.52837
0.92368,0.72212,0.79578,0.48075,0.5372
0.92175,0.74396,0.80869,0.48567,0.54056
0.91894,0.7438,0.80964,0.48386,0.54089
0.9156,0.74281,0.7994,0.46782,0.54102
0.91194,0.7238,0.79072,0.4725,0.5272
0.90578,0.73354,0.79199,0.46585,0.52119
0.89721,0.72825,0.77951,0.45785,0.52044
0.89398,0.73589,0.78764,0.45376,0.52544
0.88982,0.72686,0.79079,0.44684,0.5232
0.883,0.73108,0.77759,0.43648,0.5166
0.89242,0.71423,0.76167,0.43574,0.51161
0.89087,0.70805,0.77415,0.43286,0.5113
0.92436,0.7572,0.77214,0.43616,0.51637
0.96657,0.8045,0.76867,0.42708,0.51868
0.9794,0.80715,0.76593,0.42728,0.51458
1,0.82459,0.77293,0.44368,0.53081
0.96337,0.7538,0.79983,0.46142,0.53635
0.9407,0.73523,0.79703,0.46823,0.54913
0.94496,0.74455,0.80867,0.48324,0.56386
0.96082,0.74943,0.84905,0.4956,0.57279
0.98262,0.76973,0.86981,0.49888,0.5738
0.99441,0.769,0.8667,0.49502,0.57472
0.99513,0.76862,0.86788,0.50094,0.57887
0.99545,0.76576,0.86552,0.50022,0.56793
0.98752,0.76339,0.85852,0.49868,0.56969
0.94159,0.75111,0.82925,0.4801,0.56279
0.92068,0.74157,0.82556,0.47552,0.55618
0.90801,0.7443,0.80726,0.47245,0.55382
0.89373,0.75495,0.79465,0.47047,0.54186
0.88017,0.74896,0.79463,0.46943,0.53892
0.73589,0.75054,0.76009,0.53339,0.61986
0.65447,0.7327,0.73275,0.54084,0.61382
0.63871,0.71915,0.71647,0.53437,0.59992
0.62254,0.7045,0.70304,0.52064,0.58806
0.61385,0.68816,0.68849,0.53487,0.57956
0.60486,0.67824,0.67543,0.53152,0.56759
0.59247,0.67461,0.66473,0.51533,0.55785
0.588,0.65445,0.65422,0.48718,0.55092
0.56991,0.63511,0.6423,0.47862,0.54466
0.55986,0.62377,0.63633,0.47046,0.53846
0.55078,0.61555,0.62836,0.45993,0.5286
0.54114,0.6013,0.61976,0.45634,0.52196
0.53482,0.59728,0.60885,0.45553,0.51626
0.52345,0.58111,0.5995,0.44976,0.51228
0.51169,0.57478,0.58914,0.44026,0.50525
0.509,0.56874,0.58363,0.43445,0.49825
0.50667,0.56598,0.57707,0.43201,0.49241
0.49635,0.55402,0.56995,0.42625,0.48824
0.48922,0.54822,0.56187,0.41664,0.48131
0.47733,0.53331,0.54887,0.40813,0.47412
0.46518,0.52031,0.54887,0.41532,0.47142
0.44622,0.50699,0.53481,0.43185,0.46027
0.44622,0.49272,0.52161,0.26683,0.19254
0.42861,0.48076,0.5106,0.38187,0.44551
0.41483,0.46527,0.50145,0.37277,0.4408
0.41526,0.46309,0.494,0.36757,0.43445
0.41836,0.46846,0.49402,0.36675,0.43054
0.40985,0.45694,0.4865,0.36224,0.42427
0.40666,0.44912,0.47846,0.3539,0.416
0.39089,0.43741,0.4618,0.34371,0.40556
0.3775,0.42446,0.43735,0.32144,0.39288
0.35767,0.40076,0.39936,0.066232,0.27424
0.33904,0.37589,0.3789,0.18478,0.36152
0.30938,0.35644,0.35947,0.24489,0.35131
0.28574,0.33493,0.35128,0.23614,0.33774
0.25886,0.32107,0.3292,0.2266,0.32599
0.23894,0.30661,0.31496,0.21514,0.31283
0.22713,0.29563,0.29928,0.20523,0.30387
0.21243,0.2838,0.286,0.1938,0.2927
0.19859,0.26858,0.27309,0.18465,0.28073
0.18922,0.25754,0.26017,0.17366,0.27023
0.18027,0.24822,0.25329,0.16903,0.26225
0.17331,0.23706,0.24372,0.15861,0.25328
0.16574,0.22539,0.22861,0.14955,0.24514
0.15462,0.21275,0.21983,0.14526,0.23569
0.14838,0.19907,0.20938,0.14091,0.22741
0.14055,0.19141,0.19931,0.13365,0.21903
0.1303,0.18081,0.19007,0.12752,0.2126
0.12788,0.176,0.18684,0.12874,0.20876
0.12569,0.17042,0.1859,0.13142,0.20579
0.12213,0.17021,0.1826,0.12741,0.20168
0.1212,0.16412,0.17595,0.12523,0.19774
0.11559,0.15784,0.17415,0.12423,0.19492
0.11011,0.15716,0.17055,0.12284,0.19116
0.10573,0.152,0.16375,0.11506,0.18676
0.099536,0.14917,0.16556,0.11537,0.18185
0.10042,0.14821,0.15627,0.11588,0.17713
0.09615,0.14316,0.15138,0.11093,0.17392
0.089398,0.13175,0.14462,0.10254,0.16945
0.082589,0.12906,0.13956,0.10037,0.16307
0.078565,0.12169,0.13432,0.096663,0.15721
0.071591,0.12074,0.12907,0.089646,0.15423
0.066415,0.11065,0.12242,0.085216,0.14856
0.058812,0.10207,0.11403,0.080632,0.14162
0.052718,0.096273,0.10568,0.074681,0.13648
0.052663,0.094914,0.10247,0.076503,0.13466
0.050452,0.086298,0.094248,0.068615,0.12957
0.044851,0.085536,0.088465,0.069525,0.12283
0.056587,0.10195,0.097457,0.082428,0.12495
0.079637,0.11617,0.10754,0.089637,0.13024
0.068324,0.11652,0.10379,0.08624,0.12927
0.054395,0.10761,0.094157,0.078269,0.12599
0.036166,0.10247,0.088504,0.07139,0.12111
0.036412,0.096715,0.084457,0.072334,0.11571
0.045367,0.10409,0.088535,0.076998,0.11783
0.046492,0.10516,0.089318,0.076407,0.11817
0.056433,0.11313,0.091574,0.079715,0.11873
0.071581,0.12645,0.10915,0.086616,0.13812
0.34739,0.39663,0.44398,0.49263,0.39717
0.48801,0.41841,0.48689,0.38382,0.38112
0.51973,0.39806,0.38257,0.19725,0.2169
0.53029,0.39585,0.35191,0.16929,0.19814
0.54388,0.41722,0.36851,0.18105,0.22112
0.56206,0.42845,0.3944,0.19867,0.24254
0.54493,0.42946,0.39999,0.21775,0.25978
0.42112,0.32742,0.3411,0.22937,0.2759
0.37005,0.3191,0.3417,0.23058,0.29704
0.37012,0.32956,0.35507,0.23985,0.32802
0.37889,0.35868,0.37917,0.26357,0.35103
0.38083,0.38541,0.40019,0.27842,0.37013
0.39205,0.32634,0.41476,0.30064,0.38884
0.39514,0.32112,0.43049,0.31302,0.40008
0.40554,0.32742,0.45905,0.33551,0.4112
0.41208,0.33654,0.47548,0.34932,0.43512
0.42035,0.35211,0.5046,0.36282,0.44884
0.42352,0.36062,0.51383,0.38006,0.45572
0.46685,0.38712,0.52824,0.38589,0.45702
0.49587,0.41459,0.54256,0.40005,0.46197
0.50898,0.42697,0.55735,0.41638,0.45615
0.50449,0.42137,0.5709,0.41892,0.46514
0.4932,0.40834,0.59087,0.42885,0.47156
0.50696,0.41249,0.59421,0.43344,0.4838
0.52231,0.42748,0.60142,0.4444,0.49263
0.53123,0.4285,0.60864,0.45352,0.49096
0.53685,0.4404,0.61303,0.45509,0.49708
0.5443,0.46323,0.62223,0.45373,0.49719
0.56494,0.47655,0.63562,0.46296,0.51935
0.57401,0.47655,0.6365,0.47209,0.52402
0.56982,0.47607,0.64393,0.4788,0.55476
0.57401,0.48638,0.65739,0.48386,0.57638
0.57901,0.49669,0.66348,0.48705,0.58841
0.59189,0.50033,0.66816,0.49527,0.59504
0.59535,0.50737,0.68117,0.50181,0.59359
0.5975,0.50985,0.68594,0.49933,0.60283
0.58989,0.50521,0.69293,0.51797,0.60936
0.59402,0.52534,0.70126,0.52343,0.61295
0.6251,0.55715,0.71278,0.53297,0.61376
0.64097,0.61196,0.72063,0.54222,0.61477
0.64775,0.6321,0.72398,0.54333,0.62395
0.63581,0.61587,0.69572,0.52266,0.59979
0.63318,0.60587,0.67699,0.49709,0.58004
0.62356,0.55995,0.64759,0.485,0.55719
0.61151,0.54571,0.62987,0.47518,0.5262
0.60931,0.5439,0.6208,0.47446,0.51333
0.60124,0.53827,0.61057,0.45821,0.5048
0.59292,0.51862,0.59918,0.42809,0.49329
0.58299,0.5087,0.5869,0.41786,0.48797
0.57169,0.49629,0.58404,0.41047,0.48034
0.56572,0.50683,0.58274,0.40208,0.47577
0.56318,0.48693,0.57078,0.39763,0.46689
0.5705,0.49215,0.564,0.3888,0.45563
0.57574,0.53233,0.55806,0.38044,0.43942
0.56423,0.53186,0.54695,0.37012,0.43628
0.53079,0.52538,0.52582,0.36623,0.41657
0.52239,0.51542,0.52003,0.35538,0.41499
0.51707,0.51331,0.52448,0.35681,0.41408
0.50406,0.50582,0.51038,0.33759,0.40092
0.49136,0.48844,0.49063,0.32336,0.3842
0.47766,0.47247,0.47751,0.30779,0.36772
0.46576,0.46418,0.46907,0.31208,0.36283
0.45873,0.44917,0.45926,0.29074,0.35567
0.45225,0.43453,0.45268,0.28007,0.3461
0.44374,0.41675,0.44714,0.26108,0.33446
0.44415,0.41989,0.42082,0.25658,0.3272
0.45258,0.44744,0.47032,0.35985,0.43734
0.47341,0.47818,0.49831,0.38547,0.46734
0.4793,0.48674,0.49836,0.38273,0.46592
0.48582,0.49041,0.48651,0.3708,0.45458
0.4871,0.49256,0.48136,0.36981,0.45555
0.48781,0.49786,0.47378,0.36323,0.44983
0.4862,0.49517,0.46383,0.35242,0.43667
0.47795,0.49106,0.45328,0.34384,0.4299
0.45914,0.47141,0.44335,0.34306,0.42434
0.43113,0.43635,0.44786,0.35003,0.42659
0.41206,0.4324,0.44989,0.34118,0.42298
0.40892,0.42676,0.43647,0.3325,0.42154
0.40366,0.42486,0.42447,0.31303,0.41642
0.39179,0.4174,0.41256,0.30422,0.40628
0.37709,0.40717,0.40007,0.29238,0.39648
0.36218,0.39711,0.39103,0.28425,0.38893
0.36032,0.3979,0.38662,0.2832,0.38261
0.35599,0.39673,0.38692,0.28356,0.37988
0.35155,0.39622,0.38778,0.28708,0.37781
0.34962,0.39346,0.38817,0.2964,0.37473
0.35548,0.38985,0.38702,0.29463,0.37265
0.34705,0.38541,0.38095,0.29008,0.36756
0.34752,0.37992,0.37984,0.29258,0.36302
0.35211,0.3789,0.37586,0.28819,0.35939
0.35697,0.37697,0.36968,0.28007,0.35586
0.34031,0.3738,0.36062,0.26239,0.35011
0.32443,0.36885,0.35276,0.25852,0.34502
0.32604,0.37137,0.35088,0.25633,0.34138
0.32472,0.36031,0.35244,0.26732,0.34013
0.32647,0.35578,0.34983,0.26665,0.33846
0.32364,0.34957,0.34627,0.26116,0.33461
0.32019,0.34538,0.34331,0.25612,0.33079
0.31732,0.34084,0.33662,0.25226,0.32674
0.30184,0.33652,0.3306,0.23868,0.32097
0.28806,0.32784,0.31854,0.23022,0.31392
0.28147,0.32206,0.31252,0.22644,0.30957
0.28007,0.31889,0.31048,0.22415,0.30668
0.28316,0.31841,0.31011,0.2287,0.30538
0.28603,0.317,0.30806,0.2245,0.30294
0.28603,0.31196,0.30468,0.22517,0.2989
0.28814,0.31315,0.3048,0.23139,0.2948
0.28879,0.30911,0.30236,0.23503,0.29032
0.28689,0.30517,0.29882,0.23574,0.28655
0.28205,0.3033,0.29404,0.23303,0.28177
0.27662,0.30107,0.29038,0.2294,0.27736
0.27411,0.29896,0.2871,0.22413,0.27531
0.26725,0.29357,0.28293,0.22454,0.27242
0.26735,0.28818,0.2817,0.22186,0.2701
0.2654,0.28803,0.27739,0.21969,0.26753
0.2639,0.2852,0.27558,0.21744,0.26389
0.2605,0.28285,0.2721,0.21346,0.2604
0.25918,0.27744,0.26649,0.21054,0.25671
0.25018,0.27486,0.2588,0.19886,0.25089
0.22616,0.26904,0.2464,0.18804,0.245
0.2071,0.25817,0.23533,0.17626,0.23593
0.19456,0.2471,0.22315,0.16582,0.22784
0.18783,0.23823,0.21592,0.16084,0.22186
0.18377,0.23473,0.20998,0.15903,0.21695
0.17869,0.22643,0.20625,0.15592,0.21145
0.17499,0.222,0.2004,0.15386,0.20788
0.16428,0.21169,0.19015,0.14648,0.20025
0.16273,0.20969,0.18467,0.13828,0.19519
0.16874,0.21042,0.18364,0.13741,0.19119
0.16697,0.21017,0.17925,0.13713,0.18884
0.16505,0.2055,0.17645,0.13184,0.1858
0.16357,0.20493,0.17279,0.12981,0.18113
0.16415,0.20699,0.17293,0.13056,0.17994
0.16505,0.20982,0.17021,0.12817,0.17703
0.16879,0.21613,0.17433,0.13809,0.17677
0.17494,0.22171,0.17762,0.1445,0.17766
0.18094,0.22777,0.17903,0.14659,0.17803
0.18646,0.233,0.18118,0.14863,0.17742
0.18887,0.23687,0.18501,0.15166,0.17875
0.19211,0.23902,0.18631,0.15251,0.17827
0.1935,0.24072,0.18503,0.15174,0.17869
0.19472,0.24374,0.18506,0.15257,0.17948
0.19788,0.2469,0.18665,0.15462,0.18025
0.20744,0.25488,0.18846,0.17785,0.19516
0.30286,0.33004,0.29141,0.26816,0.28017
0.31679,0.32696,0.28459,0.21911,0.23561
0.3225,0.30663,0.27739,0.20632,0.21442
0.34446,0.29141,0.29391,0.21294,0.22374
0.35855,0.29512,0.31786,0.2186,0.25576
0.35349,0.30764,0.33544,0.22946,0.2981
0.35601,0.33793,0.36853,0.24907,0.33338
0.3741,0.39008,0.40079,0.27945,0.37274
0.39575,0.4178,0.43819,0.30197,0.40518
0.41623,0.44974,0.46461,0.32179,0.43717
0.43732,0.47723,0.4866,0.34033,0.46005
0.45144,0.49473,0.50408,0.35287,0.45982
0.45926,0.49505,0.51063,0.35935,0.45325
0.47191,0.51426,0.52658,0.37291,0.46345
0.48975,0.50961,0.53452,0.37843,0.45869
0.50085,0.5242,0.54438,0.39734,0.46952
0.51303,0.53208,0.55344,0.40525,0.48616
0.53489,0.55646,0.57519,0.41561,0.50201
0.55425,0.57462,0.59708,0.43729,0.50932
0.57212,0.59907,0.61466,0.45383,0.52431
0.58094,0.59395,0.61598,0.44272,0.52706
0.58706,0.59042,0.61746,0.44473,0.5281
0.58849,0.57745,0.61057,0.43399,0.52629
0.58564,0.57612,0.59861,0.43284,0.50587
0.59301,0.56518,0.5881,0.44113,0.50348
0.60077,0.56944,0.59249,0.44844,0.50434
0.60099,0.56978,0.59335,0.43133,0.49981
0.59214,0.55291,0.57944,0.41895,0.48584
0.58019,0.54038,0.56676,0.40805,0.47056
0.5705,0.53164,0.55795,0.40509,0.45147
0.57738,0.53251,0.55496,0.40323,0.44778
0.58227,0.52638,0.55203,0.40039,0.44716
0.58613,0.52811,0.55063,0.39952,0.4436
0.59738,0.54172,0.56537,0.39891,0.46351
0.60187,0.54505,0.57128,0.40467,0.48181
0.60122,0.54638,0.57255,0.40013,0.47983
0.59043,0.54921,0.57872,0.40649,0.48271
0.57023,0.55818,0.58983,0.42335,0.49179
0.56997,0.56526,0.59292,0.43199,0.49474
0.58154,0.57121,0.59641,0.43799,0.4987
0.5818,0.56598,0.5869,0.42994,0.48658
0.58551,0.57105,0.587,0.41794,0.47668
0.5883,0.57513,0.58806,0.41854,0.48157
0.58634,0.57223,0.58317,0.41754,0.47571
0.59179,0.57771,0.58914,0.42537,0.47077
0.59325,0.57739,0.58561,0.42416,0.47306
0.59456,0.58128,0.58604,0.41781,0.47524
0.60602,0.58286,0.58532,0.42168,0.46817
0.62863,0.53095,0.58694,0.42159,0.47
0.66079,0.50485,0.58618,0.42972,0.47346
0.6808,0.51536,0.59231,0.43223,0.48051
0.6558,0.53035,0.59627,0.4289,0.47902
0.62124,0.54138,0.59522,0.43045,0.47572
0.61743,0.54479,0.59063,0.41993,0.46741
0.61383,0.54369,0.58541,0.41397,0.46296
0.60042,0.54355,0.57909,0.40984,0.46254
0.59131,0.53763,0.57384,0.39629,0.46402
0.58009,0.53325,0.56862,0.39946,0.45789
0.56274,0.55056,0.55965,0.39516,0.44826
0.54798,0.54124,0.54902,0.37867,0.4389
0.53831,0.53852,0.53963,0.37064,0.4287
0.51873,0.53349,0.52964,0.36052,0.4234
0.50649,0.51703,0.52355,0.35007,0.40834
0.49523,0.51318,0.51195,0.34805,0.39991
0.48383,0.49787,0.49865,0.33029,0.38115
0.46416,0.48219,0.47911,0.3192,0.3646
0.46381,0.50889,0.51996,0.3957,0.47124
0.46645,0.51984,0.54872,0.42782,0.49078
0.46158,0.51571,0.54361,0.42867,0.48866
0.45482,0.50904,0.53567,0.42069,0.4835
0.44939,0.50216,0.52989,0.4173,0.47695
0.44609,0.49704,0.52544,0.41142,0.47072
0.44106,0.49,0.51759,0.40562,0.46373
0.42962,0.48457,0.51264,0.41461,0.45953
0.42422,0.47663,0.50505,0.41082,0.45068
0.42503,0.47076,0.4975,0.3897,0.44635
0.42444,0.46901,0.49212,0.38403,0.44335
0.41604,0.45964,0.48527,0.37698,0.43892
0.41488,0.45901,0.47885,0.37303,0.43651
0.41288,0.45727,0.47245,0.36944,0.42874
0.41157,0.45527,0.46975,0.36449,0.42487
0.40994,0.45067,0.46368,0.35999,0.4201
0.40576,0.44642,0.45647,0.35305,0.41314
0.39483,0.44293,0.44958,0.3464,0.403
0.37986,0.43326,0.43984,0.33611,0.39338
0.37348,0.42464,0.43288,0.33096,0.38533
0.36797,0.41832,0.42935,0.32985,0.38464
0.36458,0.41325,0.42384,0.32915,0.38206
0.35794,0.40824,0.4174,0.32523,0.37793
0.35839,0.40377,0.41268,0.32,0.37199
0.35258,0.39706,0.40816,0.31621,0.36652
0.34672,0.39147,0.39859,0.30848,0.35596
0.34142,0.38482,0.39081,0.29939,0.3487
0.34033,0.38522,0.38449,0.296,0.3451
0.34849,0.38599,0.38178,0.293,0.34392
0.34871,0.38639,0.38001,0.2925,0.34398
0.33951,0.38141,0.37755,0.29244,0.34365
0.33313,0.37699,0.37331,0.2908,0.34104
0.33235,0.37224,0.36808,0.28408,0.3329
0.33339,0.37168,0.364,0.27741,0.32405
0.32975,0.36897,0.35839,0.27186,0.32
0.32641,0.36706,0.35212,0.26726,0.31494
0.31791,0.36137,0.34551,0.26131,0.30689
0.30726,0.35388,0.33999,0.25406,0.29902
0.3028,0.34724,0.33284,0.24927,0.29472
0.29756,0.34145,0.32764,0.24561,0.2882
0.29306,0.33575,0.32032,0.23878,0.27963
0.28974,0.32338,0.31527,0.2336,0.27174
0.28712,0.32671,0.30787,0.22991,0.26137
0.28249,0.32262,0.30351,0.22503,0.25656
0.27851,0.31852,0.30096,0.22442,0.25653
0.27535,0.31568,0.29902,0.22377,0.25831
0.27339,0.31299,0.29555,0.22136,0.25499
0.27167,0.31092,0.29099,0.21794,0.25005
0.2697,0.30638,0.28629,0.21468,0.24422
0.26688,0.30382,0.28256,0.21194,0.24058
0.2634,0.30094,0.27989,0.2103,0.23774
0.26084,0.29757,0.27728,0.20783,0.23445
0.26038,0.29531,0.27481,0.20661,0.23106
0.25878,0.29206,0.27455,0.20621,0.23364
0.25828,0.28865,0.27459,0.2069,0.23831
0.25508,0.28589,0.27456,0.20955,0.24327
0.24937,0.2799,0.27292,0.21089,0.24557
0.25269,0.27771,0.27126,0.20973,0.245
0.2583,0.28568,0.2687,0.20585,0.23995
0.26204,0.28913,0.26591,0.20182,0.23668
0.25808,0.28824,0.26401,0.19966,0.23252
0.25121,0.28342,0.26089,0.19684,0.2276
0.24179,0.27737,0.25931,0.19836,0.23095
0.23507,0.27029,0.25673,0.19534,0.2311
0.23418,0.27095,0.25343,0.19387,0.22753
0.23123,0.26737,0.25118,0.19231,0.22655
0.22815,0.26405,0.24824,0.19151,0.22557
0.22406,0.26161,0.24669,0.19079,0.22445
0.22522,0.25744,0.24429,0.18765,0.22149
0.22309,0.25589,0.24049,0.18204,0.21524
0.21877,0.25188,0.23521,0.17543,0.2077
0.21274,0.25031,0.23004,0.17141,0.20237
0.2102,0.24327,0.22763,0.16776,0.19916
0.20644,0.24108,0.22367,0.1652,0.1961
0.20459,0.23853,0.22002,0.16355,0.19359
0.20146,0.2362,0.2168,0.1604,0.18917
0.20008,0.23308,0.21405,0.15802,0.18609
0.20194,0.23436,0.21487,0.16174,0.18882
0.20878,0.23804,0.21694,0.17156,0.1969
0.22014,0.24277,0.23193,0.18682,0.21872
0.22973,0.24999,0.25107,0.23749,0.263
0.24531,0.25393,0.28198,0.30477,0.33343
0.2612,0.26178,0.31384,0.32711,0.37759
0.28281,0.28376,0.35315,0.35656,0.42545
0.29575,0.30379,0.37887,0.39158,0.45814
0.31345,0.32331,0.41342,0.42896,0.50269
0.32999,0.35041,0.43204,0.45236,0.54682
0.34812,0.37,0.45631,0.49449,0.5827
0.36517,0.39053,0.49213,0.5248,0.61916
0.38629,0.41176,0.52265,0.55395,0.64227
0.40144,0.43326,0.54718,0.56767,0.65547
0.39755,0.43358,0.55224,0.54678,0.63
0.4177,0.4461,0.54227,0.53944,0.61798
0.43916,0.4657,0.56359,0.5682,0.64369
0.45333,0.48526,0.58327,0.58918,0.6672
0.46424,0.50156,0.60382,0.60414,0.68593
0.47739,0.51686,0.62596,0.61288,0.69681
0.49364,0.52904,0.63614,0.61666,0.69998
0.50552,0.53877,0.63924,0.61794,0.69769
0.5147,0.55308,0.6463,0.6208,0.69669
0.5236,0.56534,0.65697,0.61797,0.68848
0.53366,0.57425,0.66079,0.61068,0.67391
0.54273,0.57787,0.66541,0.60571,0.66583
0.56375,0.59039,0.67466,0.61092,0.67961
0.57363,0.60276,0.67811,0.61649,0.6892
0.5822,0.60752,0.67827,0.61902,0.69501
0.59441,0.62133,0.68455,0.62475,0.70593
0.60331,0.62845,0.69006,0.62788,0.71228
0.59383,0.62747,0.69545,0.63292,0.71864
0.58867,0.6253,0.69627,0.63141,0.72182
0.58889,0.6317,0.69806,0.62894,0.7318
0.58805,0.62979,0.70355,0.63413,0.72792
0.59303,0.63243,0.70824,0.64078,0.73291
0.60532,0.64479,0.71991,0.64918,0.74604
0.61414,0.6549,0.72221,0.65008,0.74359
0.61499,0.65204,0.7169,0.64775,0.74178
0.62699,0.66319,0.72125,0.64801,0.74977
0.63701,0.67063,0.72637,0.64394,0.75136
0.64076,0.67551,0.7268,0.64253,0.75158
0.62493,0.67304,0.72471,0.63007,0.74728
0.62812,0.67269,0.72206,0.63535,0.73945
0.6409,0.68109,0.72206,0.63731,0.73951
0.64544,0.68082,0.72241,0.64078,0.73889
0.64858,0.68416,0.72378,0.63974,0.74071
0.65025,0.68621,0.73129,0.63953,0.73887
0.6533,0.6891,0.73145,0.63634,0.74007
0.65786,0.69165,0.73321,0.6317,0.7381
0.64651,0.68816,0.72954,0.63005,0.73432
0.6361,0.68238,0.72163,0.62274,0.7266
0.62523,0.67348,0.7141,0.618,0.71726
0.616,0.66627,0.70939,0.61324,0.70984
0.60032,0.66135,0.69682,0.59767,0.69686
0.59065,0.64962,0.68633,0.57803,0.68249
0.588,0.64494,0.67411,0.56655,0.66576
0.58641,0.64062,0.66727,0.56229,0.65906
0.58507,0.63855,0.66309,0.55891,0.65369
0.58136,0.63374,0.65675,0.55337,0.64352
0.57359,0.62739,0.65157,0.54933,0.63773
0.57243,0.62845,0.65057,0.54605,0.62789
0.56462,0.62163,0.64145,0.53403,0.62134
0.55146,0.6124,0.63506,0.52216,0.61349
0.54527,0.6042,0.62582,0.51279,0.60273
0.53797,0.59411,0.61818,0.5025,0.5902
0.52876,0.58316,0.60704,0.48813,0.57971
0.51114,0.57232,0.59845,0.47665,0.57015
0.50271,0.56257,0.59082,0.46657,0.56155
0.48646,0.55194,0.58052,0.45439,0.55131
0.46918,0.54384,0.56826,0.44521,0.54124
0.45628,0.52726,0.55964,0.43902,0.5323
0.44593,0.52418,0.54758,0.43081,0.52544
0.4326,0.49986,0.53498,0.41659,0.51436
0.42068,0.48399,0.519,0.40457,0.50188
0.42409,0.49534,0.50959,0.39726,0.49506
0.42664,0.49058,0.50778,0.397,0.48889
0.4095,0.47486,0.50481,0.39382,0.48368
0.39641,0.48122,0.4971,0.38548,0.47916
0.39698,0.47266,0.49241,0.38156,0.47359
0.38354,0.45324,0.48409,0.37342,0.46752
0.3857,0.464,0.47924,0.37253,0.46089
0.3868,0.4637,0.47702,0.37247,0.45658
0.38857,0.44696,0.47397,0.37034,0.45211
0.37406,0.44665,0.4658,0.36149,0.44627
0.36772,0.44902,0.45747,0.35345,0.44207
0.36127,0.44287,0.45302,0.34845,0.43631
0.35916,0.42492,0.44606,0.34269,0.43049
0.35457,0.43474,0.44097,0.33982,0.4248
0.34902,0.43719,0.43642,0.33628,0.41977
0.34813,0.42938,0.43133,0.33209,0.41517
0.34897,0.41402,0.42863,0.33159,0.41059
0.3451,0.42042,0.42332,0.32828,0.40668
0.33805,0.41903,0.41815,0.32126,0.40211
0.3333,0.41796,0.40998,0.3123,0.3981
0.31686,0.38813,0.39954,0.30674,0.39189
0.3046,0.38228,0.38813,0.29679,0.38361
0.31415,0.39527,0.38522,0.29118,0.37952
0.33006,0.39973,0.38192,0.29055,0.37512
0.32437,0.40098,0.37726,0.28375,0.36947
0.30123,0.39751,0.37306,0.28193,0.36544
0.29103,0.38813,0.36813,0.27659,0.36081
0.28371,0.36143,0.36051,0.2708,0.35584
0.27885,0.36554,0.35886,0.26991,0.35175
0.27914,0.36633,0.35559,0.26763,0.3492
0.28371,0.36884,0.35502,0.27363,0.34833
0.28732,0.36912,0.35315,0.27753,0.34655
0.28415,0.36568,0.35143,0.27408,0.34248
0.28178,0.36457,0.34775,0.27535,0.33978
0.28433,0.36048,0.33891,0.2645,0.33168
0.28167,0.35848,0.32524,0.25188,0.32603
0.27551,0.35627,0.31623,0.23634,0.3186
0.27606,0.35319,0.31183,0.23703,0.312
0.27897,0.35219,0.30692,0.24493,0.30572
0.28384,0.35046,0.30677,0.24186,0.29635
0.28023,0.34569,0.30128,0.23357,0.28992
0.27675,0.34189,0.29599,0.23021,0.28631
0.27452,0.33979,0.29166,0.22644,0.28147
0.27141,0.33581,0.28557,0.22015,0.27685
0.26475,0.33142,0.27765,0.21035,0.27307
0.25643,0.32718,0.27356,0.20783,0.27114
0.24904,0.32467,0.26749,0.20466,0.2676
0.24216,0.32227,0.26202,0.20037,0.26662
0.23602,0.319,0.25742,0.19556,0.26268
0.23452,0.3138,0.25191,0.19274,0.25751
0.23418,0.31239,0.24787,0.19083,0.25439
0.23645,0.30962,0.24726,0.18697,0.25154
0.23351,0.3067,0.24225,0.18583,0.24847
0.2307,0.30572,0.23825,0.17829,0.2446
0.22799,0.30271,0.2353,0.17949,0.23992
0.2249,0.30093,0.23155,0.1762,0.23699
0.22523,0.29848,0.23023,0.1739,0.23322
0.22534,0.29531,0.22904,0.16695,0.22888
0.22135,0.29476,0.22229,0.16885,0.22784
0.21544,0.29389,0.21904,0.16939,0.22599
0.21498,0.28937,0.21766,0.1602,0.2228
0.21793,0.2855,0.21584,0.15554,0.21784
0.21298,0.28363,0.20999,0.15538,0.21483
0.20671,0.28212,0.20536,0.15551,0.21192
0.20246,0.27676,0.19905,0.15314,0.20914
0.19696,0.27115,0.19442,0.15341,0.20609
0.19382,0.26994,0.19206,0.15033,0.20281
0.19655,0.26993,0.19245,0.14591,0.20007
0.19941,0.26782,0.19184,0.14495,0.19868
0.1988,0.26703,0.19009,0.14727,0.19984
0.19903,0.26714,0.19646,0.15695,0.21303
0.20547,0.26749,0.21928,0.18717,0.26621
0.22064,0.27169,0.25806,0.25135,0.33052
0.25653,0.28485,0.30762,0.3385,0.40257
0.27442,0.29341,0.35172,0.39595,0.46721
0.29454,0.30517,0.3831,0.43792,0.51598
0.31518,0.32148,0.41643,0.47267,0.56416
0.33143,0.33868,0.44796,0.50666,0.59504
0.3433,0.36048,0.47694,0.53556,0.62312
0.35652,0.37983,0.50911,0.55687,0.64994
0.37164,0.39433,0.5328,0.57669,0.67376
0.38637,0.41588,0.56085,0.59555,0.6902
0.40266,0.43034,0.57975,0.61437,0.70702
0.41588,0.44753,0.5999,0.63173,0.72652
0.42859,0.46561,0.61045,0.6419,0.73927
0.43911,0.48231,0.61574,0.64974,0.74823
0.44983,0.49857,0.62435,0.65477,0.75051
0.46701,0.51416,0.62502,0.65526,0.75098
0.48897,0.52734,0.63678,0.65424,0.75157
0.50967,0.54283,0.65269,0.65464,0.75056
0.51586,0.55578,0.65649,0.65687,0.75039
0.51906,0.56274,0.66364,0.6572,0.75051
0.52813,0.57161,0.66746,0.65488,0.74741
0.53538,0.57469,0.67663,0.65263,0.73662
0.54759,0.58583,0.68401,0.64888,0.72124
0.55257,0.59317,0.68619,0.63806,0.70856
0.5543,0.59416,0.69183,0.62718,0.71274
0.55617,0.5924,0.69228,0.63039,0.71326
0.5626,0.59705,0.69009,0.6283,0.71597
0.56975,0.6026,0.69516,0.63413,0.73157
0.57932,0.60926,0.70059,0.63986,0.74166
0.59663,0.62564,0.71078,0.64874,0.75104
0.6064,0.63043,0.72048,0.65899,0.75446
0.62033,0.64542,0.7315,0.6716,0.77236
0.63519,0.65946,0.74057,0.67891,0.77946
0.6429,0.66499,0.74342,0.68409,0.78451
0.64694,0.66723,0.74479,0.68409,0.78775
0.65837,0.6799,0.75638,0.69068,0.79588
0.67071,0.6966,0.77208,0.69449,0.80445
0.67837,0.70107,0.78352,0.69863,0.8136
0.68788,0.71451,0.79137,0.70443,0.82096
0.69359,0.72589,0.79558,0.70679,0.81897
0.70249,0.73489,0.80077,0.70883,0.82216
0.70139,0.73978,0.80788,0.71048,0.82286
0.69918,0.74185,0.80667,0.70806,0.82576
0.69755,0.7471,0.81002,0.70507,0.82685
0.69911,0.75391,0.81124,0.69586,0.82455
0.70066,0.75411,0.8148,0.6935,0.81818
0.69617,0.75426,0.8122,0.69068,0.81033
0.69547,0.7561,0.81229,0.68794,0.80546
0.69083,0.75251,0.80476,0.68222,0.79917
0.68954,0.74739,0.79931,0.67719,0.79498
0.68402,0.74586,0.79883,0.67305,0.7893
0.68482,0.74753,0.79441,0.67339,0.78412
0.67979,0.74276,0.78637,0.66842,0.77666
0.67826,0.74103,0.78064,0.66365,0.77317
0.6735,0.73881,0.77436,0.66162,0.76804
0.67291,0.73525,0.76382,0.65915,0.76213
0.66567,0.7317,0.773,0.65394,0.75504
0.6576,0.72625,0.76597,0.64091,0.74776
0.64867,0.7203,0.75472,0.63073,0.73937
0.63745,0.71041,0.74153,0.62045,0.72716
0.62724,0.70378,0.73071,0.61013,0.71525
0.61479,0.68071,0.71591,0.59938,0.70232
0.61453,0.6808,0.70753,0.584,0.68821
0.60785,0.67329,0.69667,0.57126,0.67581
0.60006,0.66689,0.69457,0.563,0.66728
0.58342,0.6549,0.69083,0.5515,0.65763
0.57327,0.64795,0.68305,0.54478,0.64688
0.56092,0.6337,0.67436,0.52798,0.63675
0.55247,0.6247,0.66014,0.51541,0.62337
0.54267,0.61619,0.65405,0.50642,0.6154
0.53598,0.60706,0.64556,0.49888,0.60801
0.53315,0.60158,0.63795,0.4932,0.6013
0.52244,0.59182,0.63238,0.48845,0.59244
0.51997,0.58765,0.62219,0.4823,0.58387
0.51148,0.58142,0.6166,0.47842,0.57874
0.50601,0.57476,0.60847,0.46759,0.57027
0.49815,0.56607,0.59826,0.45753,0.56228
0.4885,0.5571,0.58799,0.45054,0.55504
0.4824,0.55404,0.57972,0.44347,0.54815
0.47629,0.54517,0.57457,0.43648,0.54334
0.46954,0.53958,0.56804,0.43517,0.5358
0.46657,0.53536,0.56096,0.43174,0.53106
0.45972,0.52626,0.55392,0.42515,0.52421
0.45447,0.52538,0.54834,0.42017,0.51847
0.45318,0.51818,0.54221,0.41606,0.51502
0.44978,0.51365,0.5394,0.41536,0.51164
0.44988,0.51584,0.53464,0.41297,0.50778
0.45002,0.50858,0.52997,0.414,0.50609
0.4437,0.50689,0.52792,0.41254,0.50258
0.4459,0.50866,0.52792,0.41573,0.50228
0.44746,0.504,0.52775,0.41316,0.50185
0.4424,0.50287,0.52649,0.41358,0.49924
0.43569,0.50224,0.52147,0.40469,0.49708
0.4375,0.49616,0.51587,0.39819,0.49385
0.43461,0.48759,0.51063,0.39098,0.49015
0.42416,0.48777,0.50485,0.38842,0.48313
0.42526,0.49037,0.50455,0.39087,0.48147
0.42352,0.4756,0.50029,0.38578,0.47718
0.41746,0.47761,0.49473,0.38631,0.47428
0.41573,0.48191,0.49142,0.3844,0.47112
0.41471,0.47401,0.48503,0.38155,0.4664
0.41074,0.46139,0.4824,0.37932,0.46341
0.4072,0.46603,0.47762,0.373,0.45954
0.40172,0.46901,0.47228,0.36934,0.4559
0.39896,0.46448,0.46766,0.36521,0.45166
0.39723,0.4465,0.46561,0.36297,0.44732
0.38779,0.44991,0.45948,0.35969,0.44541
0.39002,0.45431,0.45952,0.36444,0.44289
0.39267,0.45657,0.46008,0.36615,0.44103
0.39456,0.45554,0.45625,0.3639,0.43792
0.38568,0.43337,0.44942,0.35613,0.43186
